16050055
16050103
16050143
16050185
16050191
16050191
16050195
16050203
16050203
16050209
16050209
16050209
16050209
16050209
16050209
16050217
16050218
16050219
16050219
16050219
16050220
16050220
16050220
16050220
16050220
16050220
16050220
16050220
16050220
16050220
16050221
16050221
16050222
16050225
16050227
16050227
16050227
16050228
16050228
16050228
16050228
16050228
16050228
16050228
16050228
16050228
16050228
16050229
16050231
16050231
16050231
16050233
16050234
16050236
16050236
16050236
16050236
16050236
16050236
16050236
16050236
16050236
16050237
16050237
16050237
16050237
16050237
16050238
16050238
16050238
16050239
16050239
16050239
16050239
16050239
16050239
16050240
16050242
16050242
16050244
16050245
16050245
16050245
16050245
16050245
16050245
16050245
16050245
16050248
16050248
16050248
16050248
16050248
16050248
16050248
16050248
16050248
16050248
16050248
16050248
